100
981 0 0
476 0 0
-471 0 0
970 0 0
-411 0 0
852 0 0
222 0 0
621 0 0
901 0 0
27 0 0
-897 0 0
-370 0 0
-368 0 0
-145 0 0
232 0 0
78 0 0
613 0 0
-984 0 0
889 0 0
616 0 0
-177 0 0
-548 0 0
848 0 0
-750 0 0
-104 0 0
989 0 0
760 0 0
-460 0 0
-739 0 0
198 0 0
-922 0 0
172 0 0
884 0 0
-779 0 0
-213 0 0
-685 0 0
185 0 0
-578 0 0
92 0 0
-319 0 0
828 0 0
208 0 0
902 0 0
-360 0 0
-364 0 0
629 0 0
-960 0 0
718 0 0
-939 0 0
-838 0 0
426 0 0
-986 0 0
995 0 0
64 0 0
879 0 0
427 0 0
192 0 0
459 0 0
980 0 0
-393 0 0
532 0 0
528 0 0
227 0 0
493 0 0
45 0 0
448 0 0
125 0 0
-91 0 0
-823 0 0
75 0 0
850 0 0
-517 0 0
-706 0 0
-903 0 0
1 0 0
757 0 0
377 0 0
420 0 0
-725 0 0
517 0 0
-6 0 0
542 0 0
752 0 0
-531 0 0
22 0 0
571 0 0
-267 0 0
-668 0 0
-681 0 0
238 0 0
656 0 0
-71 0 0
687 0 0
409 0 0
987 0 0
-765 0 0
-128 0 0
-351 0 0
173 0 0
-96 0 0
262 0 0
-349 0 0
330 0 0
-419 0 0
117 0 0
901 0 0
859 0 0
-258 0 0
549 0 0
-422 0 0
-540 0 0
-115 0 0
-822 0 0
628 0 0
-621 0 0
854 0 0
-718 0 0
-912 0 0
734 0 0
-562 0 0
-614 0 0
719 0 0
727 0 0
-347 0 0
-134 0 0
-345 0 0
484 0 0
177 0 0
126 0 0
-412 0 0
198 0 0
839 0 0
-242 0 0
487 0 0
-744 0 0
135 0 0
712 0 0
-829 0 0
-452 0 0
336 0 0
570 0 0
-84 0 0
444 0 0
701 0 0
-883 0 0
210 0 0
590 0 0
362 0 0
211 0 0
443 0 0
702 0 0
-287 0 0
946 0 0
-960 0 0
-427 0 0
541 0 0
21 0 0
-962 0 0
-756 0 0
836 0 0
-853 0 0
867 0 0
749 0 0
-490 0 0
-374 0 0
702 0 0
826 0 0
104 0 0
-801 0 0
-713 0 0
848 0 0
-85 0 0
872 0 0
20 0 0
-968 0 0
-521 0 0
981 0 0
194 0 0
-840 0 0
-561 0 0
-292 0 0
-897 0 0
53 0 0
706 0 0
-142 0 0
-967 0 0
-997 0 0
-602 0 0
301 0 0
550 0 0
273 0 0
-378 0 0
244 0 0
-683 0 0
379 0 0
268 0 0
-785 0 0
289 0 0
900 0 0
79 0 0
785 0 0
983 0 0
-412 0 0
-894 0 0
842 0 0
349 0 0
541 0 0
335 0 0
-176 0 0
509 0 0
-820 0 0
-783 0 0
-127 0 0
-695 0 0
-353 0 0
719 0 0
-954 0 0
-810 0 0
-552 0 0
-402 0 0
-115 0 0
105 0 0
-172 0 0
922 0 0
65 0 0
-934 0 0
-845 0 0
-630 0 0
-973 0 0
-765 0 0
517 0 0
389 0 0
682 0 0
-870 0 0
203 0 0
-742 0 0
350 0 0
-42 0 0
-625 0 0
731 0 0
-962 0 0
-15 0 0
-134 0 0
244 0 0
-987 0 0
-412 0 0
-497 0 0
872 0 0
897 0 0
494 0 0
-730 0 0
992 0 0
-38 0 0
524 0 0
206 0 0
810 0 0
160 0 0
-309 0 0
-817 0 0
-695 0 0
-682 0 0
470 0 0
-229 0 0
-168 0 0
322 0 0
726 0 0
-88 0 0
-913 0 0
747 0 0
-970 0 0
-561 0 0
42 0 0
-179 0 0
-728 0 0
592 0 0
-517 0 0
385 0 0
787 0 0
-908 0 0
196 0 0
597 0 0
-867 0 0
574 0 0
-697 0 0
166 0 0
-957 0 0
301 0 0
-282 0 0
312 0 0
-728 0 0
462 0 0
-423 0 0
-128 0 0
379 0 0
-953 0 0
-792 0 0
-519 0 0
-178 0 0
668 0 0
-663 0 0
