100
1 5
61280 52934 58623 16008 98432
1 8
34480 54618 27479 23302 36660 91167 45916 10037
1 3
36500 83440 88437
1 10
9337 91483 31391 25344 9263 44587 24575 80836 55417 99771
1 5
70556 91372 73824 81335 90125
1 9
80960 1 59821 1 97702 1 54528 1 70919
1 9
6529 4128 95942 99233 3365 17625 37734 89964 15820
1 6
74517 50251 96760 93425 19571 73353
1 9
64267 1 98971 1 89431 1 82485 1 51562
1 9
76512 37743 34057 33972 71182 61646 30707 16560 54835
1 9
77573 1 88248 1 57149 1 67003 1 70732
1 5
77106 1 90872 1 94780
1 8
48078 16999 68893 95585 70490 6646 89354 59502
1 3
59074 92764 80682
1 9
16008 17780 13196 99231 55222 94479 75197 75122 19697
1 10
2 1 1 1 1 1 1 2 2 1
1 1
78256
1 7
64267 1 61098 1 54964 1 55139
1 6
31249 28356 51433 91389 47810 62368
1 6
1 51 101 151 201 251
1 9
43026 32608 44038 3423 82007 2132 75756 1895 66872
1 10
13977 26971 64338 77754 25623 43562 74442 95462 65811 3738
1 1
58517
1 5
97502 1 86438 1 54047
1 5
73960 1 64326 1 90133
1 8
2 2 2 1 2 1 2 1
1 7
36470 33374 14370 88289 45708 88886 54891
1 2
1 2
1 6
1 51 101 151 201 251
1 10
72309 91466 22651 76437 87407 38235 96153 21383 75968 2469
1 2
1 51
1 7
55877 1 52465 1 50877 1 59925
1 4
1 51 101 151
1 9
85726 1 65203 1 59358 1 89421 1 73923
1 4
1765 77452 83488 38377
1 4
45499 9452 86550 54537
1 2
1 51
1 6
90010 2307 35590 71345 8783 22418
1 5
73499 1 57337 1 99290
1 7
87930 1 57846 1 99670 1 56145
1 8
27590 96735 29026 76838 95968 16049 72851 60398
1 6
1 51 101 151 201 251
1 6
8786 78081 43789 19455 10936 61767
1 3
97782 1 51810
1 9
99238 21684 22150 86600 98195 76244 20656 32167 63778
1 10
91421 96034 68572 58580 12495 32003 26140 84017 73237 84895
1 9
52665 1 68968 1 86097 1 64431 1 69845
1 5
82679 55946 59515 59131 75136
1 9
98242 1 69897 1 64652 1 54386 1 69844
1 5
84427 18909 52968 60241 37825
1 6
1 51 101 151 201 251
1 7
95720 33156 72471 65691 63689 22614 57026
1 10
94933 92563 51449 26323 17907 77063 87261 58833 57898 59030
1 9
27584 55368 92754 51027 28668 70232 29088 29446 71011
1 9
96716 1 76508 1 51011 1 52750 1 55682
1 4
1 51 101 151
1 8
78061 779 780 31073 91946 46695 41109 33440
1 2
1 1
1 7
1 1 1 1 1 1 1
1 9
37442 81284 59614 19901 8867 31333 12655 76245 76352
1 5
70476 40409 99240 51158 76908
1 10
74955 46559 50495 13957 39347 37901 52192 35499 75635 44511
1 9
33047 58095 72334 3537 64741 61687 79390 76391 66108
1 4
1 51 101 151
1 8
11651 4422 48195 62626 26647 7092 56949 77478
1 7
17624 18629 29238 70445 68354 43608 75085
1 10
84849 53688 47311 36297 96362 81569 29712 99975 56753 87609
1 10
54319 29189 50807 110 63431 67561 71523 41235 58756 54749
1 9
55322 1 59457 1 94350 1 64680 1 98879
1 7
69507 54172 81026 21449 41868 89808 43866
1 7
1 1 1 1 1 1 1
1 9
68012 1 63718 1 97240 1 69023 1 75770
1 5
77912 1 97960 1 96363
1 6
1 51 101 151 201 251
1 9
2 1 1 2 2 2 2 2 1
1 7
53620 30533 33792 74983 37584 96015 55861
1 4
1 51 101 151
1 3
98752 1 94453
1 3
66256 76453 19191
1 7
94395 1 99419 1 95609 1 50249
1 1
1
1 7
84723 1 90149 1 56035 1 79175
1 6
80879 82534 37360 42158 51820 95982
1 8
25143 64544 39275 95587 49249 99234 70672 79662
1 4
5965 94317 32855 1627
1 7
56207 1 68218 1 52591 1 97984
1 6
11753 24374 89927 5012 7052 45872
1 6
1 51 101 151 201 251
1 2
82402 96653
1 10
53554 6297 29439 17891 402 71414 77804 74844 66875 43615
1 8
30413 48845 29976 89232 47507 37140 21402 77418
1 2
55846 94428
1 4
75815 18916 39467 1489
1 8
72660 5005 15069 88694 50976 5874 58898 77972
1 9
98653 62873 80337 53487 5898 29296 97524 25673 11302
1 7
90646 1 57007 1 55434 1 77858
1 10
59004 48059 50519 9498 62016 89865 63750 30559 41716 39384
1 7
21300 99682 45971 90806 53853 26997 12254
1 7
58819 82311 90813 32171 29911 35521 83604
1 3
61194 1 58915
