100
4 3 12
3 2 1
1 5 2
8 1 1
3 2 30
1 2 27
3 2 1
4 1 11
2 1 2
4 1 5
8 2 2
5 10 5000
14 27 31
27 11 44
30 8 20
2000 4000 3
16 5 389
4 5 1
6 3 1
5 3 1
4 3 46
61 2 40
117 4 1
119 4 1
84 1 171
169 12 1
302 5 2
304 4 6
511 3 24
542 5 1
544 3 2
546 5 5
15 26 1013
15 24 14
59 7 2
61 21 65
133 6 5
176 7 28
256 3 15
218 28 3
288 21 153
648 22 2
69 27 2
676 20 10
689 23 8
399 286 8
571 24 5
2 253 269
118 191 130
10 8 3485
4 8 69
73 3 7
115 4 16
107 20 6
97 49 69
342 4 34
406 8 16
443 8 39
127 9 2
12 37 996
24 37 3
60 27 5
86 5 18
358 29 16
345 15 8
384 36 93
260 106 11
596 14 146
386 71 59
875 13 31
99 80 17
6 13 501
413 4 1
415 13 33
458 2 13
98 30 2
490 6 11
5 65 665
67 2 254
345 33 6
227 21 149
447 225 32
11 9 49
1 9 1
1 2 5
11 4 6
8 10 2
24 4 3
15 6 2
31 2 1
32 2 1
25 14 4
46 8 1
4 52 140
12 48 19
15 14 22
30 27 31
6 900 4035
435 555 195
675 225 495
1515 675 120
735 1110 210
1245 1485 705
15 36 4404
24 42 306
300 192 1350
1950 12 6
1218 36 24
786 42 6
2016 24 318
2418 30 12
210 30 6
1146 12 72
414 90 6
2778 30 6
2784 18 96
2964 36 276
4374 24 30
16 513 3667
285 494 133
152 266 38
304 38 266
266 456 95
247 76 133
1007 247 133
760 456 304
1235 475 19
1824 209 95
779 190 38
1957 437 171
2185 380 152
1900 380 19
2679 228 114
3078 76 494
3 26 907
277 2 165
436 114 21
6 36 744
388 4 30
395 248 1
277 52 9
704 27 2
584 29 15
10 40 1060
29 40 8
20 7 2
51 10 143
175 343 3
301 37 253
829 18 6
848 26 9
865 2 156
673 30 7
13 16 112
7 12 11
19 7 6
9 21 1
31 10 7
45 15 2
39 15 2
57 3 2
26 18 1
64 14 10
76 3 1
43 16 2
94 8 3
13 14 783
22 2 161
178 297 1
474 21 132
634 3 6
213 19 31
710 5 31
757 4 1
470 12 2
186 14 7
211 2 1
504 6 2
781 10 2
5 37 588
501 5 24
533 20 1
311 18 1
547 8 9
10 46 2926
12 42 10
9 16 64
338 34 10
378 8 179
521 97 74
706 41 46
775 10 69
135 51 40
708 87 3
14 7 46
1 8 1
2 2 3
3 3 4
11 6 2
13 3 1
15 4 3
19 4 6
25 4 1
14 3 2
24 4 2
8 5 1
36 5 4
40 3 6
16 90 3348
297 27 63
45 45 54
729 45 9
288 90 18
936 63 27
981 54 567
1566 81 36
162 90 54
1404 36 45
2502 72 27
2565 45 270
3168 45 90
1683 378 189
2052 324 90
4410 54 63
4 67 3232
118 3 5
83 45 27
151 545 4
16 27 4476
44 3 4
26 22 6
45 27 31
393 27 5
414 19 11
435 8 2
437 22 26
436 131 2
571 5 4
584 24 4
589 15 59
244 95 1
721 3 17
631 22 210
1070 13 20
16 24 2078
34 8 8
52 12 10
68 8 54
108 336 4
476 20 14
448 10 6
284 6 54
558 508 4
814 26 124
970 112 20
64 52 4
1374 16 14
510 18 402
1664 60 156
448 70 20
4 42 556
92 5 273
158 94 273
724 34 23
4 85 740
83 59 14
104 38 436
687 25 36
5 17 367
77 2 16
164 9 200
117 77 68
564 15 9
3 99 2142
97 18 57
64 94 75
4 38 84
33 28 15
56 14 4
27 37 11
9 44 257
40 8 15
22 46 10
48 14 17
111 19 23
148 32 27
119 33 17
223 5 18
46 25 11
5 24 459
13 16 1
14 10 13
14 22 133
145 305 9
2 70 986
565 5 22
8 61 1038
140 2 4
149 21 51
288 52 220
454 238 11
668 18 78
822 60 36
879 50 60
5 22 988
476 3 15
349 8 186
670 307 2
979 11 9
13 22 584
14 11 15
20 46 6
47 5 10
88 18 1
74 21 9
115 2 4
92 17 3
101 14 113
515 6 3
529 3 1
541 2 16
563 21 21
14 10 850
224 5 3
231 10 2
237 2 3
240 9 148
501 2 1
504 6 1
358 2 68
564 95 5
457 8 2
535 9 15
145 53 1
729 10 20
740 100 10
2 106 4536
515 2 28
14 50 3770
210 25 70
270 215 900
1640 25 170
2225 40 255
1705 85 10
1275 10 5
695 10 20
2565 730 145
280 210 5
3650 45 10
3660 30 10
1805 55 10
3690 30 50
7 35 117
19 24 9
25 10 11
23 40 8
11 9 10
65 23 1
90 2 22
9 38 708
76 2 15
74 33 22
139 23 81
197 105 2
311 28 188
668 11 4
557 29 2
679 26 29
3 1562 2761
1188 1496 132
1727 55 891
6 18 4051
8 11 171
451 3 6
209 23 1
468 18 40
504 267 1
15 5 682
1 6 1
1 2 61
28 16 1
78 4 1
44 6 3
43 2 1
76 2 207
337 3 2
50 5 2
342 3 1
344 5 48
658 3 15
96 11 1
680 3 2
13 16 523
12 8 1
13 15 107
77 36 2
61 10 7
159 10 4
143 15 64
415 16 5
430 11 3
155 4 27
343 52 3
513 2 5
521 10 2
11 20 115
8 19 8
3 17 11
35 15 2
37 2 2
22 25 4
31 21 3
57 20 2
61 19 1
27 19 1
66 15 20
10 38 912
83 4 64
138 91 26
255 32 12
283 35 9
124 30 192
533 15 11
558 25 20
276 39 5
99 38 31
9 11 861
37 3 55
92 8 45
232 8 6
273 7 28
295 134 1
133 9 324
844 4 8
570 3 9
2 1064 1582
441 1064 413
13 37 1149
3 36 95
107 21 1
109 20 154
161 86 28
462 2 6
348 27 232
181 74 4
494 22 120
886 79 2
971 33 16
423 53 101
1125 2 24
7 228 3966
2232 12 90
1992 294 78
2388 24 426
1788 78 204
384 246 30
3372 24 156
9 80 4816
8 88 24
16 64 3016
2272 56 32
3144 32 8
3208 56 448
1560 256 480
4392 72 16
4408 56 40
13 20 585
37 2 6
51 9 21
122 16 2
119 11 53
213 11 5
183 23 2
128 2 46
381 16 1
383 20 59
492 19 52
325 50 2
577 13 8
7 22 956
78 4 93
347 16 34
102 8 117
865 8 2
68 23 42
947 22 9
9 15 693
12 14 2
7 16 106
126 83 164
474 13 1
488 3 2
471 15 12
365 133 41
241 26 10
9 14 371
2 14 8
4 7 44
120 6 1
125 9 12
38 9 6
93 8 1
103 6 2
156 13 7
14 26 771
22 11 3
31 4 4
35 11 9
36 12 82
325 12 5
343 11 13
366 10 14
484 3 18
339 143 3
647 12 6
662 6 30
741 13 2
306 11 25
11 45 751
36 12 66
104 9 60
71 36 17
205 40 12
221 6 33
444 10 57
270 25 26
382 22 120
245 202 39
908 30 31
13 5 1203
69 4 1
11 4 3
30 5 1
41 5 2
78 4 32
109 267 1
76 2 81
457 152 1
611 4 1
615 2 513
1124 41 25
712 14 1
6 35 351
169 4 14
189 10 4
142 38 3
227 18 116
435 32 9
9 17 1079
227 4 93
460 16 3
68 27 5
642 9 5
654 5 7
500 24 1
675 16 64
1075 12 4
7 12 43
6 7 1
14 2 5
20 12 4
15 16 1
38 11 1
23 4 4
12 15 418
4 13 77
145 11 1
146 6 4
110 15 9
74 13 4
168 78 34
343 14 47
390 12 13
365 8 2
414 6 1
416 7 2
9 46 888
1 46 10
5 3 441
204 22 1
670 37 38
685 138 2
749 43 1
179 51 8
112 18 38
14 33 1040
10 27 7
7 33 1
51 8 25
56 32 2
90 19 82
267 14 59
338 23 14
235 13 13
366 22 148
493 329 12
844 17 14
873 28 146
592 11 19
8 49 893
25 49 2
29 27 246
274 260 21
117 50 8
86 35 12
767 15 30
800 41 41
5 44 3363
6 39 209
334 17 1
335 18 29
377 41 42
15 156 1152
72 168 12
84 84 12
24 72 84
120 72 72
276 120 12
288 84 48
408 120 60
264 144 12
588 36 60
648 96 120
480 156 84
924 48 24
948 24 24
852 48 24
2 62 2046
367 4 50
15 19 740
17 17 13
15 9 8
9 8 81
121 90 24
52 30 1
83 12 5
268 2 2
271 10 158
58 45 37
222 7 17
551 15 3
626 8 7
99 16 2
517 109 5
9 36 684
299 3 1
305 29 14
259 24 21
57 25 1
359 17 27
267 14 9
200 44 35
652 33 32
3 58 139
12 53 21
43 6 6
5 168 1104
72 105 252
228 426 66
792 57 156
1041 129 15
15 5 44
2 5 3
4 2 2
5 4 1
7 4 1
7 8 2
5 4 1
19 2 1
9 2 3
9 4 4
19 5 3
18 5 3
22 5 2
2 1 3
12 5 2
7 3 11
1 4 1
2 2 2
1 3 1
4 1 1
6 2 1
3 2 1
10 25 455
17 18 4
14 20 16
29 62 74
130 30 42
109 55 12
303 23 2
166 21 20
69 24 2
352 25 5
6 65 1970
52 35 63
425 39 5
235 71 4
477 21 27
531 58 54
9 23 456
164 5 10
185 10 11
201 6 46
374 20 1
376 23 36
278 59 20
556 21 42
323 34 8
15 13 672
84 4 2
35 6 29
120 11 43
109 23 3
182 2 2
144 10 22
259 8 7
277 13 21
402 5 23
328 96 3
169 5 14
258 12 2
557 12 12
443 113 3
9 42 200
20 37 8
30 24 8
52 12 3
58 5 2
60 25 23
58 33 1
111 26 32
116 36 13
11 28 171
4 26 8
9 11 18
26 17 1
37 4 21
70 15 16
52 14 7
114 9 6
97 28 2
132 22 2
134 10 20
8 24 1088
44 3 91
119 234 34
363 259 1
337 1 63
775 8 100
755 113 22
1068 23 20
12 28 170
21 12 1
33 2 2
12 25 26
56 7 7
77 8 7
102 25 8
119 18 4
46 17 1
135 2 19
154 13 10
165 2 5
12 17 199
22 3 6
16 30 1
47 16 4
56 7 2
31 3 1
38 11 30
208 3 27
261 15 7
87 14 2
273 7 8
284 16 9
7 21 100
7 16 2
6 11 9
27 15 9
22 15 4
24 25 2
32 19 20
7 43 595
32 23 1
23 12 27
162 26 1
167 24 74
546 26 26
577 31 18
13 11 951
82 4 1
46 2 9
61 4 172
417 2 5
422 8 5
428 7 82
587 4 1
589 8 4
598 8 65
327 167 44
879 4 10
945 3 6
11 28 3030
15 27 309
381 17 4
54 31 19
436 27 41
199 34 81
242 40 3
117 5 63
393 67 25
483 52 1
797 8 20
7 37 799
128 3 25
164 31 13
162 11 286
511 20 1
515 20 136
774 9 25
4 31 564
23 14 735
937 14 3
411 18 9
14 11 59
1 12 1
1 6 4
13 11 1
14 6 1
15 4 1
18 7 5
23 4 1
32 5 1
34 2 2
16 10 2
46 4 2
50 3 3
31 6 3
16 13 3984
14 4 4
11 11 2
13 19 4
28 18 6
42 67 6
115 7 24
280 2 4
239 5 2
96 13 86
245 122 8
499 4 1
377 15 1
514 9 3
522 9 5
54 15 7
14 20 1066
213 5 27
37 17 22
121 11 1
239 13 4
270 12 2
273 8 405
707 16 104
341 92 6
924 3 10
638 8 8
149 1 95
1045 7 1
237 9 19
11 21 775
86 5 9
260 15 115
142 20 5
401 6 16
277 11 5
437 11 10
405 9 3
465 13 214
476 65 11
530 15 20
9 33 4194
14 26 154
273 22 45
394 28 142
540 23 12
560 13 1
289 23 31
762 16 75
213 155 24
16 17 714
6 16 4
12 4 2
14 12 63
265 14 67
274 27 7
174 12 1
379 11 1
380 6 5
385 10 1
60 2 40
199 72 2
308 17 89
570 22 1
492 21 1
41 9 13
5 354 3558
108 276 1638
762 324 72
2208 264 642
1014 786 186
