100
50
333735917 333735917 333735917 333735917 333735917 333735917 333735917 333735917 333735917 11836944 11836944 11836944 11836944 11836944 11836944 426795424 426795424 426795424 847286439 847286439 847286439 847286439 847286439 847286439 847286439 847286439 847286439 847286439 29075971 29075971 29075971 29075971 29075971 29075971 29075971 29075971 29075971 401868626 401868626 401868626 401868626 401868626 401868626 401868626 401868626 879564323 879564323 879564323 879564323 879564323
45
773216560 773216560 773216560 773216560 773216560 196543026 196543026 196543026 196543026 196543026 196543026 196543026 196543026 137144038 137144038 137144038 525882007 525882007 205375756 205375756 205375756 205375756 205375756 947666872 947666872 448381284 448381284 448381284 448381284 209319901 209319901 209319901 209319901 209319901 209319901 209319901 768931333 768931333 768931333 768931333 768931333 100876245 100876245 100876245 100876245
42
392522271 392522271 392522271 392522271 392522271 392522271 392522271 392522271 392522271 140693743 140693743 140693743 140693743 140693743 161367144 161367144 161367144 161367144 161367144 673902853 673902853 673902853 673902853 673902853 673902853 673902853 673902853 686310862 686310862 686310862 686310862 686310862 686310862 785511767 785511767 785511767 785511767 785511767 785511767 759453414 654921055 654921055
40
235422927 235422927 235422927 235422927 235422927 524378471 788755924 788755924 788755924 788755924 788755924 788755924 788755924 788755924 788755924 678962754 678962754 678962754 924896344 924896344 924896344 924896344 924896344 924896344 924896344 924896344 924896344 924896344 80407754 50698021 50698021 50698021 50698021 50698021 50698021 937046599 398519069 398519069 916493469 916493469
41
199322642 199322642 199322642 199322642 199322642 199322642 559762996 559762996 559762996 114106613 114106613 114106613 114106613 114106613 114106613 114106613 114106613 114106613 114106613 619815253 619815253 26807637 26807637 26807637 26807637 26807637 26807637 612465422 612465422 612465422 612465422 612465422 612465422 612465422 232543268 232543268 10403178 10403178 10403178 904629143 904629143
47
154771257 154771257 154771257 154771257 154771257 154771257 154771257 154771257 154771257 154771257 215156857 215156857 215156857 215156857 215156857 215156857 215156857 287745975 287745975 287745975 287745975 287745975 287745975 85271216 813904499 813904499 813904499 813904499 813904499 813904499 813904499 813904499 813904499 528321526 528321526 528321526 528321526 528321526 528321526 528321526 528321526 528321526 901150322 901150322 901150322 245790225 245790225
42
83924641 83924641 83924641 83924641 83924641 83924641 135772220 135772220 459715332 459715332 535954249 535954249 535954249 535954249 535954249 535954249 535954249 535954249 73485788 73485788 73485788 73485788 73485788 73485788 200287555 200287555 200287555 938942796 938942796 938942796 938942796 938942796 938942796 938942796 938942796 565242784 655848407 655848407 655848407 655848407 655848407 655848407
44
77746695 77746695 77746695 77746695 77746695 77746695 77746695 77746695 77746695 119733440 119733440 119733440 119733440 119733440 119733440 119733440 119733440 119733440 119733440 639596735 639596735 639596735 639596735 639596735 639596735 770776838 770776838 770776838 770776838 770776838 770776838 770776838 770776838 286516049 804260398 804260398 804260398 804260398 804260398 804260398 804260398 745158095 745158095 745158095
41
748201627 748201627 748201627 748201627 748201627 748201627 843291372 843291372 843291372 843291372 86481335 86481335 86481335 86481335 86481335 125970476 125970476 125970476 125970476 125970476 125970476 125970476 125970476 125970476 850599240 850599240 850599240 850599240 850599240 850599240 850599240 850599240 923676908 923676908 938955946 938955946 938955946 938955946 52859131 52859131 52859131
4
2 2 3 3
40
676989121 676989121 676989121 963503580 963503580 886640041 886640041 886640041 886640041 886640041 886640041 886640041 886640041 886640041 886640041 523281478 523281478 523281478 523281478 523281478 523281478 523281478 523281478 171762184 171762184 171762184 171762184 171762184 171762184 171762184 171762184 171762184 143431517 143431517 143431517 143431517 324279513 230978170 230978170 230978170
42
461290996 461290996 455215590 455215590 266956717 266956717 362588670 362588670 362588670 362588670 362588670 491090590 491090590 491090590 491090590 491090590 491090590 491090590 491090590 491090590 491090590 379088954 379088954 503171205 503171205 503171205 503171205 503171205 503171205 503171205 503171205 503171205 72374093 72374093 72374093 72374093 72374093 72374093 745019326 299229228 299229228 299229228
44
345503627 211142031 211142031 211142031 211142031 211142031 435012667 435012667 435012667 435012667 435012667 435012667 435012667 435012667 330056333 330056333 330056333 330056333 330056333 330056333 330056333 330056333 5658133 5658133 5658133 5658133 5658133 5658133 784399044 784399044 784399044 784399044 784399044 784399044 928093551 928093551 928093551 928093551 928093551 928093551 950103345 357686619 357686619 900635063
49
494596153 494596153 494596153 430175968 430175968 430175968 430175968 430175968 430175968 430175968 430175968 430175968 503453554 503453554 503453554 503453554 503453554 503453554 503453554 899829439 598000402 598000402 598000402 598000402 260577804 260577804 260577804 260577804 872466875 872466875 872466875 872466875 872466875 474094933 474094933 474094933 733251449 733251449 733251449 779917907 779917907 779917907 323087261 323087261 723757898 723757898 723757898 723757898 723757898
50
70650697 70650697 70650697 70650697 70650697 70650697 70650697 70650697 622295211 622295211 189124047 144059541 642671035 135289342 135289342 960988685 307260184 307260184 307260184 307260184 307260184 307260184 307260184 307260184 307260184 487723885 487723885 487723885 487723885 487723885 695348295 224284030 224284030 224284030 224284030 224284030 224284030 224284030 349874325 349874325 349874325 349874325 349874325 349874325 794013404 794013404 794013404 794013404 794013404 794013404
44
29313010 29313010 29313010 29313010 29313010 29313010 29313010 29313010 554900371 554900371 554900371 554900371 554900371 417206172 417206172 417206172 417206172 417206172 417206172 164249961 164249961 164249961 164249961 164249961 736470935 736470935 736470935 736470935 736470935 524238768 524238768 524238768 524238768 524238768 524238768 524238768 524238768 60791126 60791126 887757074 887757074 887757074 887757074 887757074
43
992915440 620928236 620928236 620928236 620928236 620928236 620928236 620928236 620928236 620928236 371351351 371351351 371351351 371351351 371351351 879737608 879737608 879737608 879737608 879737608 219359962 109489333 109489333 109489333 930701145 930701145 930701145 930701145 930701145 930701145 720660685 720660685 699398610 699398610 699398610 699398610 699398610 699398610 699398610 538190787 538190787 538190787 49863618
42
419560813 419560813 419560813 419560813 419560813 419560813 419560813 365283733 365283733 365283733 365283733 365283733 544552365 544552365 406356042 406356042 651404463 651404463 651404463 651404463 693560280 693560280 693560280 693560280 693560280 834996182 834996182 834996182 834996182 834996182 834996182 834996182 834996182 637395357 637395357 637395357 637395357 362760772 362760772 362760772 362760772 362760772
46
597674983 597674983 597674983 597674983 246896015 612336470 612336470 612336470 612336470 984014370 984014370 984014370 984014370 984014370 984014370 984014370 984014370 984014370 581345708 581345708 581345708 581345708 581345708 581345708 672354891 672354891 672354891 672354891 672354891 672354891 672354891 672354891 672354891 620082311 620082311 620082311 58432171 987435521 987435521 987435521 621321300 621321300 451545971 451545971 738653853 906812254
43
133405874 133405874 133405874 133405874 133405874 133405874 133405874 133405874 924477972 924477972 924477972 924477972 924477972 924477972 924477972 924477972 924477972 924477972 145554618 145554618 145554618 145554618 145554618 145554618 145554618 145554618 145554618 387423302 387423302 387423302 387423302 387423302 387423302 387423302 387423302 387423302 387423302 565091167 565091167 549710037 549710037 549710037 961964544
41
729608783 729608783 729608783 729608783 729608783 729608783 729608783 729608783 968211753 968211753 968211753 968211753 786289927 786289927 749207052 749207052 206880879 206880879 206880879 206880879 553937360 553937360 553937360 553937360 553937360 553937360 553937360 553937360 470551820 470551820 60474517 584596760 584596760 584596760 584596760 584596760 673019571 673019571 673019571 208931249 208931249
50
593519238 593519238 593519238 593519238 593519238 88365720 88365720 88365720 88365720 88365720 88365720 565374211 565374211 565374211 565374211 565374211 565374211 565374211 565374211 565374211 243765093 243765093 949295357 949295357 949295357 949295357 949295357 949295357 92340153 92340153 92340153 92340153 92340153 92340153 92340153 92340153 92340153 638597291 638597291 638597291 638597291 638597291 638597291 638597291 638597291 638597291 638597291 306850485 609084181 609084181
50
110319958 110319958 110319958 181224389 181224389 181224389 181224389 181224389 181224389 181224389 181224389 181224389 181224389 548669166 548669166 548669166 548669166 548669166 548669166 196613550 196613550 196613550 196613550 59901733 59901733 59901733 59901733 59901733 59901733 59901733 59901733 9081694 9081694 9081694 910916386 910916386 910916386 910916386 910916386 910916386 910916386 369140646 369140646 54145870 54145870 54145870 918364343 5846822 5846822 5846822
48
258226042 258226042 577467275 577467275 577467275 577467275 577467275 577467275 577467275 577467275 577467275 411587590 411587590 411587590 411587590 411587590 411587590 411587590 411587590 547854880 547854880 547854880 547854880 547854880 547854880 547854880 334255656 334255656 334255656 334255656 240907303 411054937 411054937 411054937 411054937 411054937 568712386 568712386 568712386 568712386 568712386 927294228 927294228 927294228 927294228 927294228 927294228 849636890
48
3895394 3895394 3895394 3895394 3895394 3895394 3895394 111919267 111919267 111919267 111919267 111919267 111919267 959743849 959743849 959743849 959743849 959743849 959743849 959743849 959743849 787258102 787258102 787258102 787258102 787258102 544271349 544271349 544271349 544271349 544271349 544271349 544271349 282196641 282196641 919050283 919050283 919050283 919050283 919050283 919050283 919050283 919050283 627145212 627145212 627145212 627145212 645102603
50
418088760 418088760 418088760 418088760 30704926 621713846 862482736 388472886 388472886 388472886 388472886 388472886 388472886 388472886 388472886 388472886 998041335 998041335 998041335 747477027 747477027 284650239 284650239 284650239 284650239 284650239 284650239 748463195 748463195 81770398 81770398 81770398 81770398 81770398 81770398 81770398 81770398 952629548 952629548 952629548 952629548 952629548 952629548 507336737 143055401 143055401 143055401 143055401 256685374 256685374
41
264754003 264754003 537709754 248289392 248289392 248289392 248289392 248289392 369971515 369971515 369971515 369971515 571756034 571756034 571756034 571756034 571756034 571756034 571756034 813919016 813919016 813919016 813919016 813919016 813919016 813919016 533440928 533440928 533440928 618160322 618160322 618160322 618160322 618160322 819861984 819861984 819861984 819861984 484166852 723922348 723922348
50
982221799 982221799 982221799 982221799 48610911 804055244 804055244 804055244 804055244 804055244 519081257 519081257 519081257 519081257 519081257 519081257 519081257 519081257 519081257 519081257 732186261 732186261 732186261 732186261 732186261 985976334 985976334 985976334 19694965 918853004 918853004 918853004 918853004 918853004 578469669 578469669 578469669 578469669 578469669 578469669 84593401 84593401 84593401 84593401 84593401 84593401 84593401 84593401 84593401 380316135
47
364668949 364668949 364668949 364668949 364668949 364668949 260489446 271389105 271389105 271389105 271389105 271389105 904905591 904905591 904905591 904905591 761347593 761347593 761347593 761347593 761347593 84518492 84518492 84518492 84518492 211172133 211172133 211172133 211172133 211172133 211172133 211172133 269511653 269511653 269511653 269511653 269511653 269511653 410563721 410563721 410563721 569113761 569113761 569113761 569113761 781541458 607898441
46
123596683 276105030 276105030 276105030 304110443 304110443 304110443 304110443 304110443 304110443 304110443 304110443 304110443 304110443 731288023 731288023 731288023 731288023 750400138 750400138 750400138 750400138 750400138 750400138 750400138 750400138 750400138 750400138 284383935 202150193 202150193 202150193 202150193 202150193 305621251 305621251 305621251 305621251 305621251 305621251 305621251 305621251 763299506 727490267 727490267 51196690
40
939791389 939791389 939791389 939791389 939791389 939791389 939791389 939791389 939791389 939791389 346162368 346162368 346162368 346162368 346162368 346162368 346162368 948254172 948254172 948254172 948254172 948254172 948254172 14121449 14121449 14121449 14121449 14121449 14121449 14121449 14121449 70789808 70789808 70789808 70789808 70789808 70789808 70789808 70789808 753620
50
950711477 950711477 227854773 119315531 119315531 119315531 119315531 119315531 119315531 119315531 119315531 119315531 892246801 892246801 892246801 892246801 892246801 892246801 555632925 555632925 555632925 555632925 555632925 555632925 555632925 555632925 555632925 555632925 138083247 138083247 138083247 138083247 138083247 138083247 357948489 357948489 357948489 357948489 357948489 357948489 357948489 357948489 943868603 943868603 943868603 943868603 390744739 209534561 209534561 209534561
43
674412427 674412427 674412427 674412427 674412427 674412427 674412427 674412427 674412427 674412427 426670311 426670311 570940549 570940549 570940549 570940549 570940549 570940549 570940549 578717400 578717400 578717400 578717400 578717400 578717400 578717400 668117840 668117840 668117840 668117840 668117840 668117840 668117840 668117840 668117840 702663232 702663232 702663232 702663232 702663232 702663232 702663232 702663232
41
306258414 306258414 443990151 443990151 787749996 787749996 787749996 787749996 787749996 787749996 787749996 465926647 465926647 465926647 465926647 465926647 465926647 140775136 140775136 140775136 140775136 654167378 654167378 654167378 654167378 654167378 654167378 654167378 654167378 654167378 654167378 240435685 240435685 240435685 240435685 240435685 240435685 240435685 240435685 240435685 240435685
47
963452934 963452934 963452934 881016008 881016008 804084427 804084427 804084427 804084427 804084427 804084427 804084427 804084427 804084427 83552968 633337825 633337825 633337825 633337825 633337825 633337825 6978081 6978081 6978081 6978081 6978081 6978081 6978081 6978081 6978081 13419455 13419455 13419455 13419455 13419455 13419455 479061767 479061767 479061767 479061767 479061767 479061767 479061767 479061767 479061767 479061767 142502307
50
18757366 18757366 18757366 768672675 768672675 768672675 768672675 768672675 768672675 768672675 768672675 768672675 504180521 504180521 504180521 504180521 504180521 504180521 504180521 650983744 11966122 11966122 11966122 11966122 11966122 11966122 11966122 549802509 549802509 370638893 419808411 419808411 419808411 419808411 859095369 859095369 859095369 859095369 859095369 859095369 413823220 286842703 286842703 286842703 286842703 286842703 286842703 286842703 829120820 829120820
41
144422733 628892399 408512699 408512699 408512699 408512699 408512699 408512699 408512699 44543556 44543556 44543556 44543556 44543556 44543556 44543556 44543556 44543556 533346764 533346764 533346764 533346764 435748560 435748560 435748560 435748560 435748560 435748560 435748560 289635250 770300086 770300086 770300086 770300086 770300086 770300086 770300086 770300086 328434142 328434142 266262475
46
338371613 338371613 338371613 338371613 338371613 338371613 338371613 338371613 338371613 338371613 455957618 455957618 455957618 455957618 455957618 455957618 455957618 21873202 21873202 166037594 166037594 166037594 166037594 166037594 166037594 166037594 166037594 166037594 968627705 968627705 968627705 968627705 968627705 968627705 139064823 139064823 139064823 139064823 139064823 139064823 139064823 461849744 461849744 461849744 374629893 374629893
43
511352253 511352253 61251073 61251073 61251073 61251073 61251073 61251073 880782386 880782386 880782386 880782386 880782386 880782386 880782386 917885356 917885356 954341361 954341361 954341361 954341361 954341361 954341361 954341361 62586097 62586097 62586097 46789375 46789375 46789375 46789375 499298579 499298579 132684131 132684131 132684131 132684131 132684131 132684131 132684131 132684131 132684131 181609412
43
623357925 623357925 623357925 623357925 623357925 623357925 623357925 623357925 623357925 195076823 195076823 195076823 468540337 468540337 50633172 50633172 50633172 50633172 50633172 20839550 20839550 20839550 20839550 20839550 20839550 20839550 20839550 40628600 40628600 40628600 40628600 40628600 872101648 872101648 872101648 872101648 872101648 872101648 361336376 361336376 528873047 528873047 761703060
40
389080887 389080887 389080887 389080887 389080887 389080887 389080887 772109939 772109939 772109939 912521287 912521287 912521287 912521287 912521287 912521287 912521287 912521287 912521287 536348836 536348836 536348836 536348836 536348836 413871830 413871830 413871830 413871830 413871830 413871830 413871830 413871830 413871830 413871830 565063694 565063694 565063694 565063694 565063694 610335800
42
642172471 72063689 72063689 72063689 72063689 74657026 74657026 74657026 74657026 410718629 410718629 410718629 410718629 410718629 410718629 410718629 410718629 494670445 494670445 494670445 494670445 715743608 715743608 715743608 715743608 715743608 497930413 497930413 497930413 497930413 497930413 102429976 102429976 85347507 85347507 85347507 85347507 85347507 574821402 574821402 140272660 240715069
42
951129510 951129510 951129510 951129510 296202628 296202628 296202628 296202628 296202628 296202628 762847747 762847747 762847747 158282386 158282386 158282386 158282386 158282386 158282386 158282386 158282386 158282386 712036170 431536731 431536731 431536731 431536731 431536731 431536731 431536731 431536731 431536731 431536731 4417817 803962844 803962844 803962844 803962844 803962844 734381646 734381646 734381646
43
924693100 924693100 924693100 924693100 924693100 924693100 924693100 924693100 924693100 731066855 731066855 731066855 731066855 731066855 731066855 731066855 731066855 348714203 348714203 232402758 232402758 232402758 232402758 232402758 232402758 232402758 232402758 95158066 95158066 95158066 95158066 95158066 95158066 95158066 551983519 551983519 63259639 63259639 63259639 63259639 63259639 63259639 63259639
8
3 4 1 4 2 5 3 1
45
839652616 839652616 839652616 839652616 839652616 839652616 839652616 839652616 175233364 175233364 175233364 175233364 175233364 175233364 175233364 175233364 175233364 175233364 41871942 41871942 41871942 41871942 530979147 421637070 421637070 421637070 421637070 421637070 421637070 151658256 151658256 151658256 151658256 151658256 151658256 333862309 333862309 333862309 333862309 1881056 1881056 1881056 1881056 110623317 110623317
43
783665953 53628745 53628745 53628745 53628745 53628745 53628745 53628745 199813251 199813251 199813251 199813251 199813251 199813251 610186872 610186872 610186872 610186872 610186872 610186872 610186872 610186872 610186872 393126049 393126049 393126049 393126049 393126049 393126049 393126049 767705347 767705347 767705347 767705347 281655779 281655779 281655779 281655779 281655779 624003367 624003367 624003367 624003367
1
233
42
438430756 438430756 438430756 438430756 438430756 438430756 438430756 438430756 708130736 708130736 272228952 272228952 272228952 272228952 185573120 896555157 896555157 896555157 896555157 896555157 896555157 896555157 896555157 389233416 389233416 389233416 389233416 296997028 296997028 296997028 296997028 415565317 415565317 415565317 415565317 415565317 415565317 415565317 415565317 324255031 435356897 435356897
49
600548980 600548980 600548980 600548980 600548980 600548980 600548980 509466164 509466164 509466164 3996990 3996990 3996990 3996990 204980407 52214483 52214483 52214483 52214483 52214483 52214483 52214483 87921505 87921505 87921505 87921505 87921505 87921505 87921505 87921505 87921505 662248781 662248781 662248781 662248781 662248781 662248781 662248781 662248781 662248781 545657092 545657092 545657092 545657092 545657092 545657092 176945740 176945740 109019080
42
72781620 72781620 72781620 72781620 72781620 72781620 72781620 709311632 709311632 637624190 637624190 637624190 485399649 485399649 485399649 248440542 248440542 248440542 248440542 248440542 248440542 248440542 110205602 110205602 110205602 921411474 921411474 921411474 921411474 921411474 921411474 394867266 394867266 394867266 394867266 394867266 394867266 240333472 240333472 783653386 591647096 591647096
50
67298953 308043269 308043269 308043269 308043269 308043269 462119262 462119262 462119262 462119262 462119262 462119262 462119262 462119262 462119262 462119262 157912899 211198077 211198077 211198077 211198077 211198077 211198077 211198077 211198077 211198077 211198077 117365428 117365428 62515478 62515478 62515478 62515478 62515478 62515478 62515478 62515478 62515478 296214015 371661302 371661302 371661302 371661302 371661302 371661302 371661302 371661302 95184462 95184462 95184462
4
1 5 3 1
49
556217216 556217216 556217216 767417467 767417467 767417467 767417467 767417467 767417467 767417467 30957459 30957459 400273743 470238436 470238436 470238436 470238436 470238436 470238436 119019878 119019878 119019878 119019878 311746463 311746463 115541997 115541997 115541997 115541997 115541997 115541997 115541997 115541997 598080081 598080081 598080081 598080081 598080081 598080081 598080081 598080081 317141775 317141775 317141775 317141775 317141775 317141775 132116323 132116323
46
351985055 351985055 351985055 351985055 351985055 351985055 351985055 351985055 801830378 801830378 801830378 801830378 801830378 801830378 801830378 801830378 801830378 801830378 716712865 716712865 716712865 716712865 716712865 716712865 716712865 716712865 716712865 716712865 43609442 43609442 43609442 43609442 43609442 43609442 43609442 43609442 459992612 459992612 459992612 459992612 796245444 796245444 796245444 796245444 796245444 797115313
49
717065620 717065620 717065620 717065620 717065620 717065620 717065620 152966157 152966157 233377915 488269819 488269819 488269819 488269819 488269819 488269819 488269819 488269819 145619233 145619233 145619233 145619233 145619233 145619233 145619233 145619233 145619233 735215783 243519030 243519030 243519030 243519030 243519030 159577597 159577597 159577597 159577597 159577597 159577597 159577597 159577597 159577597 159577597 538847744 538847744 538847744 538847744 538847744 837835242
43
55142561 55142561 141354398 141354398 141354398 481740489 481740489 481740489 481740489 481740489 481740489 481740489 481740489 481740489 876181791 876181791 876181791 876181791 369708493 369708493 369708493 369708493 369708493 369708493 369708493 369708493 369708493 291430248 291430248 863812194 97894303 97894303 97894303 97894303 97894303 97894303 97894303 97894303 97894303 793149550 793149550 424024629 399391743
45
46218937 117539590 117539590 698389738 698389738 698389738 698389738 698389738 698389738 698389738 698389738 698389738 874834761 874834761 874834761 874834761 874834761 874834761 874834761 66207500 66207500 66207500 66207500 692449359 692449359 696554704 696554704 546791900 546791900 523494949 523494949 523494949 523494949 523494949 523494949 523494949 523494949 109829285 109829285 109829285 109829285 109829285 12579330 525298174 525298174
44
343217170 343217170 343217170 343217170 343217170 343217170 343217170 343217170 343217170 354034893 354034893 354034893 206820671 206820671 206820671 206820671 206820671 206820671 206820671 206820671 566249291 566249291 566249291 566249291 566249291 566249291 962660123 962660123 962660123 42386981 42386981 42386981 42386981 42386981 42386981 42386981 42386981 42386981 54562653 54562653 54562653 54562653 54562653 54562653
45
26016637 26016637 26016637 26016637 282079585 803796250 803796250 803796250 803796250 803796250 803796250 803796250 980561291 980561291 105648647 105648647 105648647 105648647 105648647 166250172 166250172 166250172 166250172 166250172 166250172 166250172 131117738 131117738 131117738 131117738 131117738 218103859 218103859 218103859 218103859 218103859 304385466 304385466 304385466 304385466 304385466 304385466 304385466 304385466 134749476
44
540946571 540946571 540946571 540946571 540946571 540946571 540946571 540946571 289640532 289640532 289640532 320005247 123044444 123044444 123044444 123044444 123044444 123044444 123044444 123044444 123044444 123044444 234382214 234382214 234382214 234382214 234382214 234382214 655621432 655621432 655621432 655621432 655621432 655621432 655621432 655621432 655621432 366222473 366222473 366222473 366222473 366222473 366222473 390538190
41
480996362 480996362 480996362 480996362 480996362 480996362 480996362 480996362 480996362 401129712 401129712 401129712 401129712 401129712 818956753 818956753 818956753 818956753 818956753 818956753 818956753 818956753 818956753 919059004 919059004 919059004 919059004 919059004 919059004 919059004 919059004 919059004 531250519 531250519 531250519 531250519 144962016 144962016 144962016 144962016 144962016
46
553846559 553846559 553846559 553846559 553846559 95713957 95713957 95713957 95713957 95713957 95713957 95713957 762337901 762337901 936835499 936835499 936835499 936835499 936835499 349744511 349744511 349744511 349744511 349744511 349744511 349744511 349744511 349744511 634129189 634129189 634129189 634129189 634129189 634129189 634129189 734500110 486367561 486367561 486367561 312341235 312341235 312341235 312341235 312341235 441754749 752053688
50
57264371 57264371 57264371 57264371 596741424 596741424 596741424 596741424 596741424 596741424 596741424 596741424 596741424 596741424 569385968 569385968 569385968 569385968 569385968 569385968 569385968 569385968 569385968 832440103 832440103 832440103 243530463 243530463 243530463 243530463 243530463 243530463 243530463 49639070 49639070 49639070 49639070 49639070 589932587 589932587 589932587 589932587 589932587 589932587 652291271 652291271 102419640 102419640 46053998 46053998
40
943067149 943067149 943067149 943067149 943067149 943067149 943067149 943067149 943067149 943067149 625476302 625476302 625476302 767228241 767228241 767228241 767228241 186264080 186264080 186264080 186264080 186264080 186264080 220203697 220203697 220203697 220203697 220203697 220203697 220203697 220203697 61650596 396503501 396503501 396503501 396503501 899465725 899465725 899465725 262105787
3
233 233 233
48
715526593 715526593 715526593 306636610 797188073 797188073 797188073 797188073 797188073 797794214 797794214 797794214 797794214 797794214 797794214 797794214 797794214 797794214 797794214 593326462 461433757 461433757 461433757 16980617 16980617 16980617 16980617 16980617 16980617 16980617 16980617 16980617 16980617 862105218 862105218 862105218 862105218 862105218 862105218 862105218 862105218 862105218 151076483 151076483 151076483 151076483 151076483 151076483
44
940181095 940181095 940181095 940181095 940181095 197990655 197990655 504901684 504901684 504901684 504901684 504901684 504901684 504901684 504901684 504901684 901350134 901350134 901350134 901350134 901350134 901350134 901350134 901350134 901350134 101395448 101395448 514974424 514974424 514974424 514974424 514974424 514974424 514974424 514974424 514974424 514974424 103323712 103323712 451629526 451629526 451629526 451629526 451629526
41
820090690 820090690 820090690 820090690 820090690 820090690 820090690 820090690 820090690 820090690 120198811 120198811 120198811 120198811 120198811 120198811 120198811 120198811 64934468 64934468 965153482 965153482 965153482 383261332 383261332 972938744 972938744 972938744 972938744 972938744 972938744 199074117 199074117 199074117 199074117 199074117 199074117 199074117 199074117 199074117 199074117
43
65364741 65364741 65364741 65364741 65364741 65364741 65364741 123879390 779666108 779666108 779666108 779666108 50455368 50455368 50455368 50455368 567651027 567651027 567651027 567651027 567651027 567651027 567651027 567651027 312570232 312570232 312570232 312570232 312570232 312570232 312570232 312570232 66829446 856976512 856976512 856976512 769334057 769334057 769334057 769334057 858871182 858871182 858871182
43
878549249 878549249 878549249 878549249 372170672 372170672 462448078 462448078 462448078 462448078 462448078 462448078 462448078 462448078 462448078 892868893 892868893 892868893 892868893 892868893 332470490 332470490 332470490 332470490 332470490 332470490 167189354 167189354 411651 411651 108448195 108448195 108448195 108448195 108448195 108448195 393826647 393826647 393826647 393826647 909156949 480878061 526500780
42
824138010 824138010 621988108 621988108 621988108 621988108 621988108 621988108 621988108 621988108 386566891 386566891 386566891 386566891 386566891 386566891 386566891 386566891 386566891 386566891 508539369 508539369 508539369 508539369 508539369 508539369 267283179 267283179 267283179 33550367 33550367 33550367 33550367 33550367 33550367 33550367 33550367 33550367 439942684 696265394 696265394 696265394
42
224831336 224831336 636434917 636434917 636434917 32185264 32185264 510899592 510899592 510899592 510899592 510899592 859515099 859515099 859515099 859515099 859515099 859515099 859515099 859515099 11546401 11546401 11546401 11546401 11546401 11546401 11546401 11546401 766174979 766174979 766174979 766174979 766174979 766174979 226412155 226412155 141522162 959708531 959708531 959708531 959708531 959708531
47
823819158 823819158 823819158 823819158 823819158 823819158 823819158 823819158 823819158 360664298 360664298 392351696 392351696 392351696 392351696 392351696 20631822 20631822 20631822 20631822 20631822 20631822 20631822 20631822 20631822 368750012 368750012 368750012 368750012 368750012 658268579 658268579 126787049 888115015 888115015 888115015 382459888 382459888 382459888 382459888 382459888 382459888 382459888 810455846 810455846 810455846 810455846
49
905137272 905137272 905137272 905137272 905137272 905137272 905137272 905137272 905137272 223406044 223406044 223406044 510739932 510739932 510739932 651922115 651922115 662202480 662202480 662202480 662202480 662202480 662202480 662202480 662202480 521796330 410019222 410019222 410019222 880867663 880867663 201903633 893149086 893149086 278830337 278830337 278830337 278830337 733256600 733256600 733256600 733256600 733256600 733256600 13692548 550280334 550280334 550280334 550280334
48
533216029 533216029 160573654 160573654 160573654 967750417 493586382 493586382 512351290 512351290 512351290 512351290 512351290 512351290 512351290 512351290 614167756 614167756 614167756 614167756 614167756 614167756 614167756 614167756 4919181 4919181 4919181 4919181 531322596 531322596 531322596 531322596 531322596 531322596 606494762 606494762 606494762 606494762 606494762 383804809 383804809 136064943 713045550 713045550 713045550 713045550 333993640 333993640
49
984749196 984749196 984749196 984749196 984749196 984749196 984749196 984749196 984749196 669353858 669353858 669353858 669353858 669353858 669353858 669353858 984483608 984483608 984483608 984483608 984483608 984483608 984483608 984483608 984483608 41689765 41689765 41689765 41689765 599276469 599276469 599276469 599276469 599276469 599276469 599276469 599276469 599276469 38753046 38753046 38753046 38753046 38753046 38753046 38753046 38753046 38753046 38753046 592674872
47
802442026 802442026 802442026 802442026 802442026 802442026 802442026 802442026 802442026 385411790 385411790 385411790 385411790 385411790 385411790 385411790 385411790 385411790 385411790 81049500 81049500 81049500 81049500 81049500 81049500 81049500 81049500 697668145 697668145 697668145 697668145 466324267 466324267 466324267 466324267 466324267 466324267 466324267 593118243 593118243 593118243 593118243 593118243 593118243 593118243 422697569 128614500
43
890195462 682503738 682503738 682503738 682503738 682503738 682503738 682503738 799391483 367325344 367325344 367325344 594144587 594144587 594144587 594144587 594144587 302080836 302080836 302080836 302080836 302080836 302080836 302080836 45599771 45599771 45599771 45599771 45599771 45599771 45599771 45599771 45599771 112791466 35876437 35876437 35876437 35876437 35876437 35876437 35876437 35876437 35876437
5
2 3 3 4 3
50
730788462 730788462 730788462 730788462 113493769 113493769 943415319 943415319 943415319 943415319 943415319 943415319 943415319 943415319 208185529 208185529 208185529 208185529 208185529 208185529 208185529 208185529 208185529 208185529 996564058 664988199 664988199 664988199 664988199 664988199 664988199 664988199 664988199 664988199 636667550 636667550 636667550 109840044 109840044 109840044 109840044 109840044 109840044 109840044 109840044 109840044 552792871 624139014 624139014 652729435
49
104386298 104386298 104386298 104386298 104386298 104386298 628135984 628135984 628135984 628135984 628135984 628135984 628135984 628135984 878203820 878203820 878203820 878203820 878203820 878203820 878203820 878203820 878203820 878203820 184544009 472226448 472226448 510039480 510039480 510039480 510039480 510039480 510039480 15013590 741226369 741226369 248973529 248973529 248973529 248973529 248973529 248973529 814622590 814622590 656588558 656588558 656588558 207828570 207828570
44
715287428 715287428 715287428 715287428 715287428 715287428 715287428 715287428 738132662 738132662 738132662 738132662 738132662 738132662 738132662 809492816 809492816 808598757 808598757 808598757 808598757 808598757 808598757 808598757 650351130 650351130 650351130 650351130 650351130 650351130 650351130 650351130 650351130 650351130 245943167 245943167 245943167 245943167 245943167 245943167 245943167 885027484 885027484 885027484
50
64530559 64530559 64530559 64530559 64530559 64530559 39839384 744996034 744996034 155158580 155158580 155158580 155158580 155158580 725732003 725732003 725732003 725732003 725732003 725732003 725732003 725732003 725732003 725732003 48784017 48784017 48784017 48784017 48784017 48784017 48784017 919484895 919484895 919484895 919484895 919484895 919484895 919484895 284274437 284274437 284274437 284274437 49918780 49918780 49918780 49918780 49918780 5051295 5051295 5051295
45
457304993 719659033 719659033 719659033 719659033 719659033 719659033 719659033 719659033 484186987 484186987 484186987 484186987 484186987 484186987 484186987 484186987 484186987 484186987 769786404 769786404 769786404 769786404 769786404 769786404 769786404 769786404 769786404 769786404 411439442 411439442 411439442 411439442 411439442 411439442 411439442 411439442 808742267 808742267 112068838 80029813 80029813 80029813 901734604 876285846
47
946147730 377985801 171920371 171920371 171920371 171920371 171920371 171920371 228458670 228458670 256084877 256084877 256084877 256084877 256084877 256084877 256084877 128463846 128463846 128463846 128463846 128463846 128463846 128463846 128463846 128463846 128463846 491825469 491825469 560915906 560915906 560915906 560915906 560915906 560915906 560915906 560915906 396194139 396194139 396194139 396194139 396194139 396194139 396194139 396194139 396194139 232145570
45
452768367 452768367 452768367 452768367 452768367 489415332 489415332 489415332 489415332 139843869 883655785 883655785 883655785 883655785 883655785 295153252 295153252 295153252 295153252 295153252 974963387 974963387 399705739 399705739 399705739 399705739 399705739 399705739 48416618 48416618 48416618 48416618 48416618 48416618 48416618 48416618 48416618 173349962 173349962 173349962 105045032 105045032 105045032 105045032 820027765
46
1921684 1921684 1921684 1921684 1921684 1921684 1921684 1921684 1921684 1921684 239486600 239486600 239486600 239486600 239486600 944576244 944576244 944576244 944576244 944576244 944576244 74032167 74032167 74032167 74032167 74032167 74032167 74032167 74032167 522898653 522898653 522898653 429180337 429180337 429180337 429180337 429180337 429180337 429180337 125305898 125305898 125305898 125305898 125305898 944897524 867311302
47
714796653 714796653 714796653 714796653 263492764 263492764 187236500 187236500 187236500 187236500 187236500 187236500 187236500 187236500 187236500 187236500 21388437 21388437 21388437 21388437 21388437 21388437 736376453 510101765 510101765 397883488 397883488 397883488 397883488 397883488 397883488 397883488 302945499 302945499 781586550 781586550 781586550 781586550 781586550 781586550 781586550 798775815 798775815 798775815 798775815 327939467 245005965
48
514409566 514409566 514409566 514409566 514409566 514409566 514409566 789723687 789723687 177119288 177119288 177119288 177119288 177119288 177119288 437684945 437684945 437684945 437684945 437684945 437684945 437684945 437684945 437684945 2379815 2379815 2379815 2379815 2379815 216773336 216773336 216773336 216773336 216773336 140278797 708680065 708680065 508397732 508397732 508397732 508397732 508397732 386753104 386753104 386753104 386753104 689893102 689893102
49
719760165 719760165 719760165 719760165 719760165 719760165 42449403 42449403 42449403 105516471 105516471 105516471 105516471 105516471 105516471 105516471 501469807 501469807 501469807 501469807 119164082 119164082 119164082 119164082 119164082 119164082 119164082 119164082 352746255 741834637 741834637 741834637 741834637 741834637 741834637 741834637 741834637 711347752 711347752 711347752 711347752 711347752 711347752 711347752 711347752 711347752 995166050 105911453 105911453
47
579122464 579122464 579122464 579122464 579122464 579122464 579122464 579122464 579122464 579122464 72718276 72718276 72718276 72718276 72718276 72718276 72718276 72718276 850260394 850260394 850260394 850260394 854565203 854565203 854565203 854565203 854565203 854565203 44491218 975400156 975400156 975400156 975400156 975400156 975400156 975400156 387335196 387335196 387335196 387335196 387335196 387335196 387335196 387335196 387335196 58457078 58457078
41
191813196 613655222 613655222 613655222 613655222 613655222 613655222 613655222 613655222 613655222 198375197 198375197 173419697 173419697 173419697 173419697 173419697 173419697 173419697 173419697 173419697 58304128 58304128 253399233 253399233 253399233 253399233 253399233 276217625 276217625 276217625 276217625 845689964 403413977 403413977 403413977 61664338 61664338 61664338 61664338 229925623
43
266879863 266879863 266879863 708075742 555377477 555377477 555377477 555377477 555377477 555377477 753165047 753165047 296180002 496680855 496680855 18325048 18325048 18325048 18325048 18325048 18325048 27389958 27389958 27389958 27389958 27389958 27389958 27389958 27389958 364567562 364567562 364567562 364567562 364567562 364567562 370612762 685510683 685510683 685510683 685510683 685510683 685510683 685510683
50
905691318 905691318 905691318 147095528 147095528 147095528 147095528 972504359 880189253 880189253 272881863 272881863 272881863 272881863 272881863 272881863 272881863 757419763 757419763 757419763 18578266 18578266 18578266 565822480 565822480 565822480 565822480 861160222 861160222 861160222 861160222 861160222 861160222 861160222 861160222 861160222 947185216 947185216 947185216 947185216 947185216 947185216 947185216 947185216 947185216 947185216 14730445 14730445 14730445 367224338
47
62021975 13394729 55793955 55793955 55793955 55793955 55793955 55793955 55793955 4539262 4539262 4539262 577667912 439373961 439373961 439373961 439373961 385686618 385686618 385686618 385686618 385686618 385686618 385686618 249525570 249525570 249525570 249525570 249525570 249525570 249525570 249525570 303734503 303734503 303734503 303734503 303734503 303734503 50821405 50821405 50821405 50821405 50821405 158731813 158731813 158731813 841357024
44
464478143 464478143 339132292 188213467 188213467 418186330 418186330 418186330 418186330 418186330 418186330 418186330 418186330 819278069 319015436 319015436 319015436 319015436 2539977 2539977 2539977 695676716 695676716 695676716 695676716 695676716 695676716 695676716 355111960 355111960 913959238 913959238 913959238 953752595 953752595 953752595 953752595 953752595 953752595 953752595 953752595 953752595 730520209 730520209
48
514167621 514167621 514167621 642260757 642260757 642260757 642260757 257421511 257421511 257421511 257421511 257421511 257421511 257421511 580052473 580052473 580052473 580052473 580052473 580052473 580052473 580052473 999517492 999517492 319430436 319430436 319430436 319430436 319430436 319430436 319430436 381571958 381571958 381571958 381571958 381571958 381571958 381571958 359871592 359871592 359871592 359871592 359871592 359871592 359871592 359871592 359871592 741380436
44
544101073 544101073 544101073 544101073 544101073 544101073 544101073 873008426 873008426 873008426 873008426 873008426 873008426 873008426 873008426 873008426 560050264 560050264 560050264 560050264 81323334 81323334 81323334 81323334 81323334 81323334 81323334 81323334 81323334 81323334 154952454 154952454 154952454 856205773 856205773 856205773 856205773 856205773 856205773 856205773 856205773 856205773 856205773 637982240
46
966121952 966121952 966121952 966121952 663147286 663147286 663147286 92867711 386239428 386239428 620378131 63650224 913990903 913990903 913990903 913990903 913990903 913990903 222385952 222385952 222385952 222385952 974151730 974151730 974151730 974151730 974151730 974151730 974151730 136762229 136762229 631344570 631344570 631344570 631344570 631344570 631344570 631344570 631344570 631344570 672187908 672187908 672187908 672187908 534288546 323369742
