100
5
872031131 582064085 853700360 639065001 119448330
308043269 462119262 157912899 211198077 117365428
5
4539262 577667912 439373961 385686618 249525570
797133923 208567331 959324274 448838337 981531718
5
967306529 274295942 606203365 458837734 135115820
58304128 253399233 276217625 845689964 403413977
5
135289342 960988685 307260184 487723885 695348295
523892262 810427151 867118189 51824455 372194011
5
892734480 493027479 622536660 551245916 447425143
145554618 387423302 565091167 549710037 961964544
5
985976334 19694965 918853004 578469669 84593401
456733743 420556771 873395325 410434356 697917999
5
128614500 598819848 913117273 318257934 228418861
40108848 905691318 147095528 972504359 880189253
5
634129189 734500110 486367561 312341235 441754749
35850807 51763431 716771523 277958756 393684849
5
115472829 737571779 723332463 357497717 478300428
662248781 545657092 176945740 109019080 607023286
5
963452934 881016008 804084427 83552968 633337825
374058623 266398432 515118909 602860241 264008786
5
382812655 433576352 1921684 239486600 944576244
100876245 547899238 352922150 858898195 8820656
5
882302132 324501895 577137442 865959614 680708867
205375756 947666872 448381284 209319901 768931333
2
284383935 284383935
133700881 133700881
5
858871182 854730707 284854835 59732608 803423
661561646 773216560 196543026 137144038 525882007
5
744996034 155158580 725732003 48784017 919484895
673968572 332012495 641526140 38073237 343055117
5
245005965 292232855 131870556 411173824 734590125
896894317 748201627 843291372 86481335 125970476
5
568954851 503195663 551058517 102094428 714796653
888115015 382459888 810455846 38782402 649959074
5
868722418 432724374 744405012 725245872 654582534
968211753 786289927 749207052 206880879 553937360
5
60791126 887757074 173903031 405929258 114993167
26233428 578449520 715287428 738132662 809492816
5
909156949 480878061 526500780 819791946 505641109
139077478 254700779 955931073 77746695 119733440
5
686106297 565117891 982271414 939074844 81343615
899829439 598000402 260577804 872466875 474094933
5
397883488 302945499 781586550 798775815 327939467
908438377 577509452 817154537 118218916 551601489
5
956176554 328731952 62021975 13394729 55793955
689893102 529353591 28130561 600212761 63258347
5
380316135 760433476 51545129 356410497 764538319
755331114 984749196 669353858 984483608 41689765
5
764894928 924560467 695759329 206870734 561931320
544101073 873008426 560050264 81323334 154952454
5
263492764 187236500 21388437 736376453 510101765
939080682 465883440 833766256 37219191 58077452
5
553846559 95713957 762337901 936835499 349744511
375250495 442239347 67052192 130675635 982154319
5
771195720 642172471 72063689 74657026 410718629
716033156 624465691 163822614 29817624 731729238
5
982221799 48610911 804055244 519081257 732186261
746929864 231241651 948076635 66161030 859135345
5
867311302 36517780 479899231 640194479 822975122
679716008 191813196 613655222 198375197 173419697
5
112791466 35876437 971338235 515821383 192802469
865422651 387087407 494596153 430175968 503453554
5
633181209 284473033 845427952 566999855 788177008
195076823 468540337 50633172 20839550 40628600
5
412592563 876426323 421677063 479658833 262459030
733251449 779917907 323087261 723757898 377774955
5
620928236 371351351 879737608 219359962 109489333
121529939 72264435 136984975 197995541 447778823
5
441758102 593519238 88365720 565374211 243765093
622494147 720944765 164459786 667083119 86008402
5
943067149 625476302 767228241 186264080 220203697
782034930 993888553 784208114 461101616 887037338
5
937046599 398519069 916493469 962591717 972849382
336440996 963074226 653418946 258226042 577467275
5
289635250 770300086 328434142 266262475 869208116
928062911 79490468 628300814 362594255 46218937
5
137625784 788619629 830518120 986829680 511352253
599276469 38753046 592674872 349599376 571532292
5
773649191 614931322 897350169 548026627 215145954
117539590 698389738 874834761 66207500 692449359
5
74032167 522898653 429180337 125305898 944897524
655963778 928762873 807753487 341429296 978625673
5
567651027 312570232 66829446 856976512 769334057
812128668 48529088 839071011 739137743 215133972
5
248331475 72224195 259903440 316340979 144422733
568712386 927294228 849636890 340311193 219555351
5
586221857 55540529 691884087 235422927 524378471
359871592 741380436 633788883 593184455 154907821
5
674412427 426670311 570940549 578717400 668117840
630379570 613355222 844429447 79305307 282212239
5
639065632 982842777 766160140 322895247 621112394
808598757 650351130 245943167 885027484 352208256
5
61650596 396503501 899465725 262105787 340054089
895468735 57125380 287839607 931593275 67298953
5
398336612 179625965 514209039 484116015 900309322
392351696 20631822 368750012 658268579 126787049
5
888823616 351511717 381656362 9464376 743328749
514409566 789723687 177119288 437684945 2379815
5
284274437 49918780 5051295 664856796 208173453
524054934 263727085 389216700 514167621 642260757
5
46789375 499298579 132684131 181609412 240360018
295418584 659739202 403360059 489094627 946147730
5
901734604 876285846 765100914 904180945 415114004
218309015 380685997 452768367 489415332 139843869
5
769786404 411439442 808742267 112068838 80029813
110352530 237234078 161305962 209285245 179731143
5
501994661 517658395 827530355 564229632 551047206
883655785 295153252 974963387 399705739 48416618
5
127456812 588911377 910864103 475748433 13619364
272881863 757419763 18578266 565822480 861160222
5
574821402 140272660 240715069 131750976 374358898
766877418 680205005 783188694 133405874 924477972
5
628892399 408512699 44543556 533346764 435748560
81469331 27411467 177522519 859651624 358712497
5
788755924 678962754 924896344 80407754 50698021
661169259 838674703 536530400 442269491 288581206
5
81049500 697668145 466324267 593118243 422697569
187223498 25906004 188781787 773174751 54718775
5
916411095 976426105 289037771 277263772 906675605
216773336 140278797 708680065 508397732 386753104
5
6978081 13419455 479061767 142502307 231771345
878343789 299210936 145290010 890235590 729608783
5
332470490 167189354 411651 108448195 393826647
320206646 325259502 407904422 132162626 482807092
5
200287555 938942796 565242784 655848407 703494840
134276913 88044628 112845826 823688394 623357925
5
892227590 61829026 489295968 999772851 613633047
639596735 770776838 286516049 804260398 745158095
5
841089239 11285499 410584039 118867345 29313010
173349962 105045032 820027765 375169228 198897158
5
707026971 59377754 842943562 890195462 682503738
61664338 229925623 341074442 820765811 687609337
5
639797999 789855218 5484377 34160114 927440111
411587590 547854880 334255656 240907303 411054937
5
530784391 397940551 416738846 764595242 430574397
377985801 171920371 228458670 256084877 128463846
5
680133520 625792432 425287858 65583999 745065515
491825469 560915906 396194139 232145570 128170095
5
800833374 82888289 44488886 18458819 197890813
984014370 581345708 672354891 620082311 58432171
5
224284030 349874325 794013404 163314402 321700999
537277427 82307756 270493014 823819158 360664298
5
281439275 878549249 372170672 462448078 892868893
942095587 849699234 376479662 327116999 547795585
5
494670445 715743608 497930413 102429976 85347507
64068354 430075085 612748845 516389232 152837140
5
61251073 880782386 917885356 954341361 62586097
497328586 80946037 652151742 348871377 891451113
5
303734503 50821405 158731813 841357024 700773259
18453016 132676960 339859175 435995584 600548980
5
70789808 753620 669133792 105237584 804555861
882843866 356030533 597674983 246896015 612336470
5
138279202 626435042 576482522 724314418 235662925
696554704 546791900 523494949 109829285 12579330
5
82500541 255597146 782973446 533047654 95565368
421637070 151658256 333862309 1881056 110623317
5
937028356 939791389 346162368 948254172 14121449
46951433 950447810 271369507 341181026 32541868
5
464545949 48383720 973091219 56028583 992915440
947185216 14730445 367224338 566209462 478726151
5
752053688 126936297 486781569 656599975 124887609
854347311 480996362 401129712 818956753 919059004
5
468541782 940642240 457304993 719659033 484186987
525298174 91358219 269076381 723567468 441383500
5
554900371 417206172 164249961 736470935 524238768
783563965 431186216 182307085 68430905 151584938
5
204572334 65364741 123879390 779666108 50455368
946103537 371761687 65776391 232327584 173492754
5
930701145 720660685 699398610 538190787 49863618
89462496 519612522 631524787 27663395 404326502
5
681529911 105383604 790399682 892690806 792726997
987435521 621321300 451545971 738653853 906812254
5
818221362 751916709 56404031 80422128 832762917
62515478 296214015 371661302 95184462 153142176
5
49248059 294309498 973489865 64530559 39839384
531250519 144962016 909163750 762841716 266791421
5
123596683 276105030 304110443 731288023 750400138
644371241 475411613 408789160 485719854 971648040
5
373047805 69157716 225748812 366391259 577575664
872101648 361336376 528873047 761703060 439877047
5
799391483 367325344 594144587 302080836 45599771
402331391 835909263 847224575 86855417 977572309
5
70650697 622295211 189124047 144059541 642671035
818961668 269340992 610967841 531559311 58169921
5
44463003 777446600 577150537 802442026 385411790
856205773 637982240 865812319 995041099 898723470
5
326942158 927995982 736950251 575593425 39973353
470551820 60474517 584596760 673019571 208931249
5
736440409 65051158 316482679 609959515 976175136
850599240 923676908 938955946 52859131 120061280
5
702663232 477289061 474872088 742802140 196072914
153815400 839652616 175233364 41871942 530979147
5
822748687 142958433 38819754 32127551 805193167
509466164 3996990 204980407 52214483 87921505
5
433226624 26027627 254899878 489216222 762359207
257421511 580052473 999517492 319430436 381571958
5
949295357 92340153 638597291 306850485 609084181
798944676 279100769 567212240 233915782 502923398
5
83924641 135772220 459715332 535954249 73485788
28529116 501130812 152538532 48702618 60193016
